"beskæftiget" "udlænding" "understøttelse" "alder" "uddannelse" "yngre.børn" "skole.børn"
"nej" "nej" 10.787497 30 8 1 1
"ja" "nej" 10.524251 45 8 0 1
"nej" "nej" 10.968578 46 9 0 0
"nej" "nej" 11.104999 31 11 2 0
"nej" "nej" 11.10847 44 12 0 2
"ja" "nej" 11.028254 42 12 0 1
"nej" "nej" 11.454707 51 8 0 0
"ja" "nej" 10.490918 32 8 0 2
"nej" "nej" 10.62474 39 12 0 0
"nej" "nej" 10.48642 43 11 0 2
"nej" "nej" 10.660618 45 11 0 2
"nej" "nej" 10.467589 60 12 0 0
"nej" "nej" 11.229592 33 11 2 0
"nej" "nej" 11.906462 56 14 0 0
"nej" "nej" 11.501562 56 11 0 0
"nej" "nej" 11.293492 47 11 0 1
"nej" "nej" 10.861253 50 8 0 0
"ja" "nej" 11.844049 39 12 0 0
"nej" "nej" 11.048627 47 8 0 1
"ja" "nej" 10.957795 53 11 0 0
"nej" "nej" 10.860134 29 19 0 0
"ja" "nej" 11.108121 46 11 0 1
"nej" "nej" 10.84862 44 8 0 2
"nej" "nej" 10.482397 20 12 1 0
"ja" "nej" 10.48404 54 8 0 0
"ja" "nej" 10.601204 47 8 0 0
"nej" "nej" 10.540632 28 9 2 0
"nej" "nej" 11.224276 47 8 0 1
"ja" "nej" 10.841085 49 12 0 0
"nej" "nej" 10.566288 30 11 0 1
"nej" "nej" 11.769593 51 11 0 0
"nej" "nej" 10.667089 28 11 0 2
"nej" "nej" 10.624627 54 11 0 0
"nej" "nej" 10.537148 49 8 0 0
"nej" "nej" 11.135636 53 10 0 0
"nej" "nej" 10.315332 55 8 0 0
"nej" "nej" 10.372655 24 11 1 0
"nej" "nej" 11.507138 50 8 0 1
"ja" "nej" 11.156561 36 13 0 2
"nej" "nej" 10.452933 23 9 1 0
"ja" "nej" 11.106286 41 12 0 2
"nej" "nej" 10.657185 23 10 0 1
"nej" "nej" 10.518618 38 10 0 2
"nej" "nej" 10.699437 53 12 0 0
"nej" "nej" 9.668874 45 12 0 1
"nej" "nej" 10.922165 37 12 0 2
"nej" "nej" 11.249361 36 15 2 0
"nej" "nej" 10.051168 46 12 0 0
"nej" "nej" 10.621104 31 10 1 1
"ja" "nej" 10.644639 42 10 0 2
"nej" "nej" 10.419983 22 10 1 0
"ja" "nej" 10.466988 32 8 0 1
"ja" "nej" 10.478207 34 9 0 2
"ja" "nej" 10.435452 44 9 0 1
"ja" "nej" 10.427258 58 12 0 0
"ja" "nej" 10.471779 44 9 0 2
"nej" "nej" 11.138516 55 9 0 0
"nej" "nej" 10.31886 23 11 2 0
"nej" "nej" 10.305638 60 15 0 0
"nej" "nej" 10.864139 50 10 0 2
"nej" "nej" 10.465655 59 9 0 0
"nej" "nej" 10.2239 35 9 0 2
"nej" "nej" 12.019113 61 13 0 0
"ja" "nej" 11.411158 40 13 0 2
"nej" "nej" 10.51476 24 11 1 0
"ja" "nej" 10.493266 35 4 0 2
"ja" "nej" 10.71857 31 10 1 1
"nej" "nej" 11.33689 61 12 0 0
"ja" "nej" 10.814724 55 10 0 1
"nej" "nej" 10.316425 20 9 1 0
"nej" "nej" 11.096651 31 15 1 0
"ja" "nej" 10.47289 35 9 0 2
"nej" "nej" 10.588166 55 8 0 0
"nej" "nej" 11.584711 35 11 1 2
"nej" "nej" 10.618983 44 17 0 4
"ja" "nej" 10.517572 56 9 0 0
"nej" "nej" 10.825584 34 10 0 2
"ja" "nej" 10.909947 43 8 0 0
"ja" "nej" 10.363575 24 12 0 0
"ja" "nej" 9.646148 54 8 0 0
"nej" "nej" 10.157078 34 8 0 4
"ja" "nej" 10.279822 52 7 0 2
"nej" "nej" 10.571089 34 8 1 3
"nej" "nej" 10.763515 21 9 2 0
"ja" "nej" 10.540896 34 10 0 0
"nej" "nej" 10.654575 22 9 1 0
"nej" "nej" 10.852278 36 8 0 3
"nej" "nej" 10.28561 32 10 1 3
"nej" "nej" 11.338939 44 13 0 4
"ja" "nej" 11.235833 49 12 0 2
"nej" "nej" 10.471702 49 14 0 2
"nej" "nej" 10.787214 45 10 0 3
"nej" "nej" 10.599964 28 10 1 1
"nej" "nej" 10.280773 36 8 0 3
"nej" "nej" 10.840751 50 8 0 2
"nej" "nej" 11.052507 48 8 0 5
"nej" "nej" 10.65334 45 7 0 2
"nej" "nej" 10.338464 62 7 0 0
"nej" "nej" 10.708192 33 12 2 0
"ja" "nej" 10.348194 48 8 0 0
"ja" "nej" 11.021232 38 10 0 3
"ja" "nej" 10.605906 46 7 0 1
"ja" "nej" 10.649509 38 10 0 1
"ja" "nej" 10.386903 56 7 0 0
"ja" "nej" 10.741169 39 13 0 3
"nej" "nej" 10.541059 28 10 2 0
"nej" "nej" 11.081039 46 10 0 3
"ja" "nej" 10.771101 27 10 0 0
"nej" "nej" 12.285946 58 12 0 0
"nej" "nej" 10.778364 27 12 2 0
"nej" "nej" 10.669682 52 10 0 0
"ja" "nej" 10.784824 31 9 0 3
"ja" "nej" 11.269807 35 11 0 2
"ja" "nej" 11.34666 34 12 0 1
"ja" "nej" 10.825946 57 4 0 0
"nej" "nej" 11.013918 44 10 0 2
"nej" "nej" 9.574635 56 7 0 1
"ja" "nej" 10.528624 34 4 0 3
"ja" "nej" 10.741468 27 16 1 0
"nej" "nej" 10.75483 44 9 0 3
"ja" "nej" 10.830751 33 12 2 0
"nej" "nej" 10.490775 52 9 0 2
"nej" "nej" 10.363387 26 8 1 0
"nej" "nej" 10.812684 28 9 0 2
"nej" "nej" 10.763303 46 8 2 1
"ja" "nej" 10.700171 42 9 0 2
"nej" "nej" 10.446508 24 6 1 0
"ja" "nej" 10.449971 21 8 0 0
"nej" "nej" 10.663366 58 4 0 0
"ja" "nej" 10.925736 47 8 0 4
"nej" "nej" 10.865444 37 8 0 2
"ja" "nej" 11.41671 31 11 1 0
"ja" "nej" 10.819836 57 8 0 0
"ja" "nej" 10.963413 38 9 0 2
"nej" "nej" 9.263988 22 13 1 0
"ja" "nej" 10.74062 40 8 0 2
"nej" "nej" 11.329038 40 11 0 1
"ja" "nej" 11.175732 35 9 0 2
"nej" "nej" 11.1317 37 9 0 2
"ja" "nej" 10.666515 54 12 0 0
"nej" "nej" 11.086339 52 10 0 0
"ja" "nej" 10.569454 31 11 0 2
"nej" "nej" 11.03635 46 10 0 2
"nej" "nej" 10.740618 44 6 1 1
"nej" "nej" 10.620524 25 10 1 0
"nej" "nej" 10.871253 27 9 1 0
"ja" "nej" 10.664763 45 9 0 1
"nej" "nej" 11.86487 31 15 0 2
"ja" "nej" 10.639207 31 13 0 2
"ja" "nej" 10.665111 34 14 0 2
"ja" "nej" 10.937405 37 11 0 2
"ja" "nej" 11.115698 51 8 0 0
"nej" "nej" 10.392553 52 9 0 0
"nej" "nej" 10.916087 34 8 0 2
"ja" "nej" 10.530598 45 11 0 2
"ja" "nej" 11.049862 26 14 1 0
"nej" "nej" 10.961591 40 9 0 1
"nej" "nej" 10.782629 44 10 0 2
"nej" "nej" 10.893155 28 13 2 0
"nej" "nej" 10.637464 41 8 1 3
"nej" "nej" 10.804152 58 10 0 0
"nej" "nej" 10.881099 35 10 0 1
"nej" "nej" 11.995501 56 12 0 0
"ja" "nej" 11.216231 40 13 0 4
"nej" "nej" 10.510004 34 9 1 1
"nej" "nej" 10.459609 29 14 1 1
"ja" "nej" 10.763969 37 13 0 2
"ja" "nej" 10.755772 26 12 0 0
"nej" "nej" 10.689363 43 8 0 3
"ja" "nej" 11.065612 38 9 0 3
"ja" "nej" 10.693192 47 8 0 1
"nej" "nej" 10.604953 53 8 0 3
"nej" "nej" 10.401214 54 8 0 0
"nej" "nej" 10.61778 39 11 2 0
"ja" "nej" 10.833661 34 10 0 0
"nej" "nej" 10.02621 54 8 0 1
"nej" "nej" 10.746228 31 9 2 0
"nej" "nej" 10.933002 35 8 0 4
"ja" "nej" 10.84025 37 12 1 1
"nej" "nej" 10.714731 40 8 0 2
"nej" "nej" 10.612391 24 8 2 0
"nej" "nej" 11.07683 33 12 1 0
"ja" "nej" 11.128016 49 9 0 3
"nej" "nej" 10.522886 30 12 0 2
"nej" "nej" 10.659896 61 9 0 0
"nej" "nej" 11.733083 32 13 2 1
"nej" "nej" 10.91997 39 8 0 5
"nej" "nej" 10.514121 40 8 0 2
"nej" "nej" 11.069464 27 10 0 2
"nej" "nej" 10.619196 20 9 1 0
"nej" "nej" 10.562078 43 11 0 2
"ja" "nej" 10.905702 32 13 1 1
"nej" "nej" 10.95099 34 11 0 2
"ja" "nej" 10.50612 46 8 0 2
"nej" "nej" 11.047871 44 5 0 1
"nej" "nej" 10.574165 36 8 0 3
"ja" "nej" 11.193011 45 12 0 2
"nej" "nej" 10.984266 33 12 1 0
"nej" "nej" 11.334915 55 4 0 0
"nej" "nej" 10.851937 36 12 0 2
"ja" "nej" 10.404555 37 8 0 0
"nej" "nej" 10.988086 39 11 0 2
"nej" "nej" 10.864314 53 8 0 0
"nej" "nej" 10.523238 22 9 1 0
"nej" "nej" 10.820928 33 12 0 2
"ja" "nej" 10.162354 40 10 0 0
"nej" "nej" 11.198758 57 12 0 0
"nej" "nej" 11.225668 29 10 1 2
"ja" "nej" 10.893887 47 8 0 0
"ja" "nej" 10.641333 41 10 0 0
"nej" "nej" 10.850221 41 8 0 2
"ja" "nej" 10.660521 31 12 0 0
"nej" "nej" 11.349021 43 12 0 1
"nej" "nej" 11.242483 51 8 0 1
"ja" "nej" 11.159617 36 10 0 2
"ja" "nej" 10.911874 39 10 0 1
"ja" "nej" 10.507997 30 8 0 2
"nej" "nej" 10.975945 30 21 2 0
"nej" "nej" 10.368614 24 2 0 0
"nej" "nej" 10.567141 49 8 0 1
"nej" "nej" 10.445417 49 9 0 0
"nej" "nej" 10.518592 30 8 0 2
"ja" "nej" 10.700863 40 9 0 4
"nej" "nej" 10.596668 44 6 0 0
"nej" "nej" 11.197492 29 13 1 1
"nej" "nej" 10.939767 28 13 1 0
"ja" "nej" 10.557954 43 10 0 1
"nej" "nej" 10.75464 29 10 2 2
"ja" "nej" 10.464695 44 7 1 1
"nej" "nej" 10.954447 42 12 0 3
"ja" "nej" 10.800645 45 8 0 6
"nej" "nej" 9.774489 57 8 0 1
"nej" "nej" 11.043071 51 8 0 0
"ja" "nej" 10.949314 44 11 0 1
"nej" "nej" 10.015288 55 7 0 2
"nej" "nej" 11.499515 55 14 0 0
"ja" "nej" 10.606732 48 10 0 1
"nej" "nej" 10.647289 45 9 0 3
"nej" "nej" 10.513616 54 11 0 0
"nej" "nej" 11.226845 56 12 0 0
"ja" "nej" 10.698781 33 13 2 0
"nej" "nej" 10.873052 40 10 0 3
"nej" "nej" 10.518034 54 7 0 2
"nej" "nej" 10.398972 56 4 0 0
"nej" "nej" 11.12097 40 9 0 2
"ja" "nej" 10.160162 42 8 0 3
"nej" "nej" 11.189876 50 14 0 1
"ja" "nej" 10.580379 49 9 0 0
"nej" "nej" 10.807338 58 8 0 0
"ja" "nej" 9.761367 58 8 0 0
"nej" "nej" 10.67489 57 4 0 0
"nej" "nej" 10.688645 54 4 0 0
"nej" "nej" 10.185521 59 8 0 0
"ja" "nej" 11.672285 51 18 0 1
"nej" "nej" 10.795038 26 12 1 0
"ja" "nej" 10.972098 43 10 0 2
"nej" "nej" 10.556449 38 9 0 2
"ja" "nej" 10.704404 39 8 0 2
"ja" "nej" 10.428636 53 9 0 0
"nej" "nej" 11.051191 38 10 0 1
"ja" "nej" 10.851682 48 7 0 0
"ja" "nej" 10.482903 41 9 0 0
"nej" "nej" 10.788455 55 12 0 0
"nej" "nej" 10.535781 30 13 1 0
"ja" "nej" 10.131345 58 8 0 0
"nej" "nej" 10.413317 28 8 2 0
"ja" "nej" 10.550204 36 15 0 0
"nej" "nej" 10.678824 50 4 0 1
"nej" "nej" 10.845567 27 10 1 1
"ja" "nej" 10.326767 55 8 0 0
"nej" "nej" 10.756853 28 12 1 0
"ja" "nej" 10.687163 45 8 0 2
"ja" "nej" 10.69541 39 4 0 0
"ja" "nej" 10.447811 30 9 0 1
"ja" "nej" 11.010256 53 8 0 0
"nej" "nej" 10.704237 23 10 2 0
"nej" "nej" 10.913541 58 13 0 0
"nej" "nej" 10.23621 44 9 0 1
"nej" "nej" 11.76194 52 9 0 1
"nej" "nej" 10.485152 24 12 1 0
"ja" "nej" 11.147722 48 9 0 0
"nej" "nej" 11.153504 38 11 0 2
"nej" "nej" 10.645516 56 11 0 0
"ja" "nej" 10.777797 50 8 0 0
"ja" "nej" 10.986342 43 14 0 3
"nej" "nej" 10.628565 28 10 0 2
"nej" "nej" 10.916267 56 12 0 0
"ja" "nej" 10.702699 36 12 0 2
"nej" "nej" 10.952528 47 11 0 1
"ja" "nej" 10.382414 37 11 0 0
"nej" "nej" 10.698292 46 11 0 0
"nej" "nej" 11.051727 57 9 0 0
"nej" "nej" 10.656841 33 10 0 2
"nej" "nej" 10.554549 47 8 0 2
"nej" "nej" 11.692279 45 14 0 2
"ja" "nej" 11.472848 42 13 0 3
"nej" "nej" 11.656427 33 11 2 2
"ja" "nej" 10.696645 45 12 0 2
"ja" "nej" 10.839479 39 9 0 1
"ja" "nej" 10.795194 33 10 0 3
"ja" "nej" 10.379617 29 4 1 1
"ja" "nej" 10.886384 44 13 0 2
"nej" "nej" 11.363417 33 15 0 3
"nej" "nej" 11.132031 26 11 1 0
"ja" "nej" 10.899869 32 12 0 0
"nej" "nej" 11.160232 29 12 1 2
"ja" "nej" 10.058137 60 9 0 0
"ja" "nej" 10.73593 39 11 0 2
"ja" "nej" 9.680395 47 9 0 0
"nej" "nej" 11.150011 34 8 0 3
"ja" "nej" 7.186901 57 12 0 0
"nej" "nej" 10.762847 33 12 0 2
"nej" "nej" 10.641994 56 8 0 0
"ja" "nej" 10.821105 55 9 0 0
"nej" "nej" 11.697144 37 13 0 3
"ja" "nej" 10.867016 54 8 0 0
"ja" "nej" 11.597597 33 14 1 2
"nej" "nej" 11.34655 52 4 0 1
"ja" "nej" 10.440166 25 13 0 0
"ja" "nej" 10.786756 47 8 0 1
"nej" "nej" 10.693526 42 9 0 2
"nej" "nej" 10.639603 31 12 0 2
"nej" "nej" 10.391253 30 11 1 0
"nej" "nej" 11.094102 58 4 0 0
"ja" "nej" 9.952297 57 15 0 0
"nej" "nej" 10.881145 60 8 0 0
"ja" "nej" 10.945509 44 11 0 1
"nej" "nej" 10.723123 26 8 1 2
"ja" "nej" 10.778036 59 12 0 0
"nej" "nej" 10.410974 21 12 1 0
"ja" "nej" 10.331526 50 9 0 0
"nej" "nej" 11.038619 45 9 0 0
"nej" "nej" 10.427884 44 8 0 1
"nej" "nej" 9.903508 24 8 1 0
"nej" "nej" 10.415019 31 10 0 1
"nej" "nej" 11.552967 47 7 0 1
"nej" "nej" 10.726891 49 7 0 1
"ja" "nej" 10.719912 45 3 0 4
"ja" "nej" 10.635413 36 9 0 3
"ja" "nej" 10.607927 43 8 0 1
"ja" "nej" 10.89815 57 8 0 0
"nej" "nej" 10.564245 28 10 0 1
"nej" "nej" 11.0089 43 12 1 0
"nej" "nej" 10.966264 57 11 0 1
"nej" "nej" 11.094889 51 8 0 0
"nej" "nej" 10.949635 27 12 1 0
"nej" "nej" 11.142022 32 14 3 0
"ja" "nej" 10.955511 38 12 0 1
"nej" "nej" 9.999619 61 11 0 0
"ja" "nej" 10.883356 33 11 2 0
"ja" "nej" 10.725962 44 11 0 0
"nej" "nej" 10.379433 42 8 0 0
"ja" "nej" 10.517781 59 8 0 0
"nej" "nej" 10.960598 34 8 0 1
"nej" "nej" 11.017487 26 13 1 1
"nej" "nej" 10.630611 31 11 1 1
"nej" "nej" 10.879928 41 9 0 1
"nej" "nej" 10.556337 56 11 0 0
"nej" "nej" 10.873372 36 12 0 2
"nej" "nej" 10.974541 47 12 0 0
"nej" "nej" 11.213668 38 12 0 3
"nej" "nej" 10.565516 39 9 1 2
"nej" "nej" 10.757045 52 8 0 1
"ja" "nej" 10.218074 43 4 0 0
"ja" "nej" 10.771807 49 11 0 0
"nej" "nej" 10.645901 31 16 1 2
"ja" "nej" 10.609652 38 11 0 2
"nej" "nej" 10.497103 49 4 0 0
"ja" "nej" 11.286425 36 11 0 2
"ja" "nej" 10.713582 28 10 1 1
"nej" "nej" 11.080241 31 12 2 0
"ja" "nej" 10.765547 39 12 0 2
"nej" "nej" 11.787341 38 14 0 2
"nej" "nej" 11.404879 54 13 0 0
"ja" "nej" 10.593832 45 12 0 1
"ja" "nej" 10.56617 27 8 0 0
"ja" "nej" 11.153773 43 9 0 0
"nej" "nej" 10.644508 61 8 0 0
"ja" "nej" 10.962912 30 15 1 1
"ja" "nej" 10.952085 26 10 1 2
"ja" "nej" 11.006509 51 12 0 0
"nej" "nej" 10.50368 59 9 0 0
"nej" "nej" 10.522554 58 14 0 0
"ja" "nej" 10.443773 31 11 0 0
"nej" "nej" 10.363842 59 4 0 0
"nej" "nej" 10.868344 41 9 0 1
"nej" "nej" 10.708355 25 10 1 0
"ja" "nej" 10.959935 45 11 0 4
"nej" "nej" 10.545824 23 12 0 0
"ja" "nej" 10.635506 42 10 0 2
"nej" "nej" 10.674844 33 8 0 2
"nej" "nej" 10.600635 46 8 0 1
"nej" "nej" 10.261245 30 4 2 0
"ja" "nej" 10.618609 36 10 0 4
"ja" "nej" 10.084304 25 12 0 0
"ja" "nej" 11.232703 41 12 0 2
"ja" "nej" 10.614631 21 10 0 0
"ja" "nej" 10.891872 38 12 0 0
"nej" "nej" 10.987128 34 9 0 3
"ja" "nej" 10.901279 55 8 0 0
"nej" "nej" 10.996947 43 11 0 2
"nej" "nej" 10.573843 59 8 0 0
"ja" "nej" 10.530697 38 12 0 2
"ja" "nej" 10.750773 43 9 0 0
"ja" "nej" 10.303822 22 8 0 0
"ja" "nej" 11.071775 36 11 0 2
"ja" "nej" 10.933235 28 9 0 1
"nej" "nej" 10.765986 30 9 1 1
"ja" "nej" 10.808117 51 11 0 0
"ja" "nej" 11.130052 44 9 0 0
"ja" "nej" 10.139643 20 11 0 0
"ja" "nej" 10.446164 47 12 0 0
"ja" "nej" 10.497118 41 7 0 0
"nej" "nej" 10.502569 42 8 0 2
"nej" "nej" 10.813208 31 10 0 0
"ja" "nej" 10.819643 61 4 0 0
"nej" "nej" 10.965238 37 8 0 2
"nej" "nej" 10.94079 38 12 0 2
"nej" "nej" 10.698575 28 12 1 1
"nej" "nej" 10.557849 20 12 1 0
"nej" "nej" 10.869824 51 8 0 0
"ja" "nej" 10.486398 21 9 0 0
"nej" "nej" 10.651588 22 12 1 0
"ja" "nej" 10.741222 26 9 0 0
"nej" "nej" 10.63413 57 9 0 0
"ja" "nej" 10.576883 34 9 0 2
"nej" "nej" 11.29929 28 12 0 0
"ja" "nej" 10.480109 32 10 2 0
"nej" "nej" 10.453177 21 14 1 0
"ja" "nej" 10.471801 38 9 0 1
"nej" "nej" 9.743722 61 4 0 0
"nej" "nej" 10.639916 43 9 0 0
"nej" "nej" 10.621275 28 12 3 1
"ja" "nej" 10.842806 27 11 1 0
"nej" "nej" 11.257013 34 17 1 0
"ja" "nej" 10.245578 40 9 0 6
"nej" "nej" 10.954252 49 9 0 0
"nej" "nej" 10.986144 31 11 2 0
"nej" "nej" 10.479591 26 10 2 0
"ja" "nej" 10.616295 40 6 0 3
"ja" "nej" 10.464226 37 8 0 3
"nej" "nej" 10.482289 21 11 1 0
"ja" "nej" 10.692477 33 9 0 3
"ja" "nej" 10.110817 34 16 0 2
"ja" "nej" 10.775342 23 12 0 0
"ja" "nej" 10.511332 39 8 0 3
"nej" "nej" 10.908272 52 10 0 1
"nej" "nej" 11.270174 35 3 0 2
"nej" "nej" 11.305993 56 12 0 0
"nej" "nej" 11.344299 51 10 0 0
"ja" "nej" 10.563152 43 9 0 1
"ja" "nej" 10.758702 52 8 0 0
"nej" "nej" 10.77885 49 10 0 0
"ja" "nej" 10.779335 36 10 0 2
"ja" "nej" 10.517219 23 15 0 0
"nej" "nej" 11.410587 42 5 0 2
"nej" "nej" 10.5381 58 8 0 0
"nej" "nej" 10.406401 57 9 0 0
"nej" "nej" 10.924246 34 12 0 2
"nej" "nej" 10.549157 56 13 0 0
"nej" "nej" 10.835671 58 10 0 0
"nej" "nej" 10.43276 60 12 0 0
"ja" "nej" 11.244346 49 11 0 0
"ja" "nej" 10.714287 50 12 0 0
"nej" "nej" 11.07037 41 12 0 2
"nej" "nej" 11.762758 46 12 0 1
"ja" "nej" 10.560963 28 12 2 0
"ja" "nej" 10.706676 33 13 0 0
"nej" "nej" 10.741618 33 12 0 1
"ja" "nej" 10.465761 27 13 1 1
"nej" "nej" 10.850747 51 10 0 0
"ja" "nej" 10.507702 51 5 0 1
"nej" "nej" 10.205067 60 9 0 0
"nej" "nej" 10.722933 29 12 2 0
"ja" "nej" 10.699512 28 14 0 2
"ja" "nej" 10.935753 35 12 0 2
"nej" "nej" 12.247989 35 16 1 2
"nej" "nej" 10.840948 48 9 0 0
"nej" "nej" 10.809457 32 10 0 2
"ja" "nej" 11.275831 35 12 0 2
"ja" "nej" 10.659463 27 5 1 0
"ja" "nej" 10.520523 26 13 2 0
"ja" "nej" 10.539925 36 16 0 1
"nej" "nej" 11.121529 40 11 0 4
"nej" "nej" 10.109396 26 7 2 0
"ja" "nej" 10.494469 20 12 0 0
"nej" "nej" 10.711324 39 10 1 3
"nej" "nej" 10.446385 28 9 1 0
"ja" "nej" 10.852547 42 14 0 2
"nej" "nej" 10.805715 23 12 1 0
"nej" "nej" 10.628192 24 9 2 0
"nej" "nej" 10.49979 25 16 2 0
"ja" "nej" 10.723695 34 12 0 1
"nej" "nej" 10.999623 37 9 0 2
"ja" "nej" 10.261038 49 15 0 0
"ja" "nej" 9.866105 36 9 0 2
"ja" "nej" 10.580137 37 8 0 2
"ja" "nej" 10.550487 28 13 1 1
"ja" "nej" 10.627829 43 5 0 2
"ja" "nej" 10.4651 52 5 0 0
"ja" "nej" 10.465806 35 13 0 2
"nej" "nej" 10.630966 55 10 0 0
"nej" "nej" 10.434609 57 5 0 0
"nej" "nej" 10.625388 44 9 0 2
"nej" "nej" 10.680572 25 10 2 0
"ja" "nej" 10.892263 38 14 0 3
"ja" "nej" 10.230812 37 9 0 1
"nej" "nej" 10.948595 49 8 0 1
"nej" "nej" 10.878098 46 10 0 0
"ja" "nej" 10.521214 27 13 0 1
"ja" "nej" 10.143847 51 9 0 0
"ja" "nej" 10.590745 48 11 0 2
"nej" "nej" 10.49173 26 11 1 2
"ja" "nej" 9.555266 44 13 0 0
"nej" "nej" 10.738894 50 11 0 0
"nej" "nej" 10.625338 48 6 0 0
"ja" "nej" 10.729806 41 10 0 2
"ja" "nej" 11.3456 38 12 0 0
"ja" "nej" 10.881607 35 13 0 1
"ja" "nej" 10.738787 42 15 0 1
"ja" "nej" 10.63154 45 11 0 2
"ja" "nej" 10.513256 44 9 0 1
"nej" "nej" 10.930967 56 12 0 0
"ja" "nej" 11.219622 29 13 1 0
"ja" "nej" 10.705048 46 12 0 1
"nej" "nej" 10.673697 33 11 1 1
"nej" "nej" 11.045694 28 14 1 1
"nej" "nej" 10.832491 50 14 0 0
"ja" "nej" 10.761609 27 14 0 0
"ja" "nej" 10.724068 38 11 0 0
"nej" "nej" 10.623711 50 5 0 0
"ja" "nej" 10.494012 21 11 1 0
"nej" "nej" 10.452885 24 7 1 1
"nej" "nej" 10.09352 55 9 0 0
"nej" "nej" 11.456245 38 11 0 2
"nej" "nej" 10.850163 33 7 0 2
"nej" "nej" 10.813476 60 10 0 0
"nej" "nej" 10.763189 53 6 0 0
"nej" "nej" 11.02583 29 11 1 0
"ja" "nej" 10.077104 40 10 0 1
"ja" "nej" 10.66022 39 12 0 2
"ja" "nej" 10.801198 34 14 1 1
"ja" "nej" 10.59889 48 4 0 1
"ja" "nej" 10.449333 35 13 0 0
"nej" "nej" 11.346352 30 9 1 0
"nej" "nej" 11.659979 25 11 1 0
"nej" "nej" 9.937027 59 9 0 0
"nej" "nej" 11.064019 51 19 0 2
"nej" "nej" 10.5383 39 9 0 2
"nej" "nej" 10.69059 59 10 0 0
"nej" "nej" 10.65591 40 8 0 2
"nej" "nej" 9.398499 36 8 1 0
"nej" "nej" 10.649899 48 8 0 2
"nej" "nej" 10.526564 21 11 1 0
"nej" "nej" 10.236696 58 5 0 0
"nej" "nej" 10.225496 60 8 0 0
"nej" "nej" 11.047337 48 11 0 1
"ja" "nej" 11.304028 35 13 0 1
"nej" "nej" 10.554331 49 11 0 0
"ja" "nej" 10.260208 44 7 0 1
"nej" "nej" 11.383919 47 13 0 0
"nej" "nej" 10.737768 53 8 0 0
"nej" "nej" 10.888288 46 12 0 2
"nej" "nej" 11.816648 54 13 0 2
"nej" "nej" 9.994667 59 11 0 0
"nej" "nej" 10.754622 57 10 0 0
"nej" "nej" 10.44249 42 5 0 0
"nej" "nej" 10.009821 62 11 0 0
"nej" "nej" 10.583045 46 4 0 2
"nej" "nej" 10.811378 35 12 0 2
"nej" "nej" 10.958915 32 12 2 0
"nej" "nej" 9.946032 35 12 0 2
"nej" "nej" 10.498668 40 11 0 2
"ja" "nej" 10.5957 25 14 0 0
"nej" "nej" 10.525842 40 12 0 1
"nej" "nej" 10.783294 29 10 0 0
"nej" "nej" 11.11614 37 11 0 2
"nej" "nej" 11.151357 53 5 0 1
"nej" "nej" 9.824778 60 9 0 0
"ja" "nej" 9.895686 42 9 0 3
"nej" "nej" 10.655496 32 12 0 3
"nej" "nej" 9.763989 59 5 0 0
"ja" "nej" 9.878902 45 8 0 1
"nej" "nej" 11.134995 51 8 0 1
"ja" "nej" 10.401523 35 8 0 0
"nej" "nej" 10.749253 28 11 0 0
"nej" "nej" 10.333153 57 5 0 0
"ja" "nej" 10.823801 26 7 1 0
"ja" "nej" 10.321485 42 5 0 0
"nej" "nej" 10.656044 31 12 1 1
"nej" "nej" 10.657436 55 8 0 0
"nej" "nej" 10.846169 42 15 0 2
"nej" "nej" 11.078196 40 11 0 3
"nej" "nej" 10.453034 47 11 0 0
"nej" "nej" 10.654172 47 9 0 1
"ja" "nej" 10.646433 26 13 1 0
"nej" "nej" 11.280745 44 9 1 0
"nej" "nej" 10.583034 23 9 0 1
"nej" "nej" 10.871061 50 8 0 0
"nej" "nej" 10.263108 58 12 0 0
"ja" "nej" 11.067098 40 9 0 2
"ja" "nej" 10.517282 33 12 0 2
"ja" "nej" 11.172825 30 15 0 0
"nej" "nej" 10.596755 31 12 1 0
"nej" "nej" 11.797981 31 12 2 0
"ja" "nej" 10.552378 33 9 1 1
"nej" "nej" 10.794188 35 12 0 2
"ja" "nej" 10.139508 26 11 0 0
"nej" "nej" 10.855759 24 14 1 0
"nej" "nej" 10.96235 61 5 0 0
"nej" "nej" 10.757639 29 10 0 1
"ja" "nej" 9.554492 59 8 0 0
"nej" "nej" 10.505683 27 12 1 0
"nej" "nej" 9.855987 62 11 0 0
"ja" "nej" 10.790935 44 12 0 0
"ja" "nej" 10.652796 36 10 0 0
"nej" "nej" 10.539981 40 11 0 2
"nej" "nej" 11.339795 48 10 0 1
"ja" "nej" 11.224238 35 16 0 2
"nej" "nej" 11.109163 32 12 1 1
"nej" "nej" 10.866395 32 12 1 0
"nej" "nej" 11.186703 49 8 0 0
"ja" "nej" 10.192269 43 11 0 1
"nej" "nej" 12.37565 39 12 0 4
"nej" "nej" 10.472476 27 11 1 1
"nej" "nej" 12.281528 42 12 0 3
"nej" "nej" 10.537006 56 12 0 1
"nej" "nej" 10.899256 31 13 0 3
"ja" "nej" 10.658714 37 4 0 2
"nej" "nej" 10.441724 38 8 0 1
"nej" "nej" 10.407655 51 8 0 0
"nej" "nej" 10.694172 50 9 0 0
"nej" "nej" 9.886124 60 5 0 0
"ja" "nej" 10.479397 35 9 0 2
"ja" "nej" 11.072008 35 11 0 2
"ja" "nej" 10.455375 45 8 0 2
"nej" "nej" 10.657366 24 11 2 0
"nej" "nej" 10.452542 35 8 1 1
"ja" "nej" 10.408072 32 17 1 0
"ja" "nej" 10.242023 33 12 0 2
"nej" "nej" 10.594236 46 8 0 1
"nej" "nej" 11.764058 50 5 0 2
"nej" "nej" 10.828298 32 12 0 0
"nej" "nej" 10.255769 58 8 0 0
"nej" "nej" 10.703698 41 8 0 2
"nej" "nej" 10.915251 34 6 0 2
"nej" "nej" 10.522782 21 4 1 0
"nej" "nej" 10.271325 56 13 0 0
"nej" "nej" 10.226447 34 8 0 3
"nej" "nej" 10.265912 37 10 0 1
"nej" "nej" 11.016894 31 12 0 1
"nej" "nej" 10.607904 22 11 1 0
"nej" "nej" 10.711562 32 11 1 1
"ja" "nej" 10.83166 41 8 0 3
"nej" "nej" 10.759536 37 12 0 4
"nej" "nej" 10.591802 29 10 0 0
"ja" "ja" 10.616046 46 9 0 1
"ja" "ja" 10.391358 26 7 2 0
"ja" "ja" 10.795493 44 9 0 0
"ja" "ja" 10.38051 48 4 0 0
"ja" "ja" 10.564662 34 4 0 3
"nej" "ja" 10.698279 34 12 1 2
"nej" "ja" 10.610146 48 5 0 0
"ja" "ja" 10.684275 28 6 1 2
"ja" "ja" 10.626887 32 5 0 2
"ja" "ja" 10.409648 50 4 0 3
"ja" "ja" 10.543944 36 5 2 1
"ja" "ja" 11.22967 50 12 0 0
"nej" "ja" 10.503701 25 11 2 0
"ja" "ja" 10.696332 30 11 3 0
"ja" "ja" 10.421497 25 5 0 2
"ja" "ja" 10.59306 32 8 1 1
"ja" "ja" 10.531076 29 10 1 1
"nej" "ja" 10.5864 44 7 0 2
"ja" "ja" 10.447639 40 5 0 3
"nej" "ja" 10.633358 52 12 0 0
"ja" "ja" 10.619115 27 8 2 1
"ja" "ja" 10.814894 32 8 0 1
"nej" "ja" 10.633692 30 12 2 0
"ja" "ja" 10.495332 40 5 0 1
"ja" "ja" 10.69087 47 4 0 0
"ja" "ja" 10.389276 48 4 0 1
"ja" "ja" 10.506461 36 6 0 1
"ja" "ja" 10.806028 38 10 0 1
"ja" "ja" 10.605672 38 3 0 1
"nej" "ja" 10.439596 48 11 0 0
"ja" "ja" 10.422506 41 7 0 0
"ja" "ja" 10.436939 39 4 0 2
"nej" "ja" 10.630927 31 9 2 0
"nej" "ja" 10.945442 32 7 0 2
"nej" "ja" 10.902927 41 4 1 1
"ja" "ja" 10.706151 36 5 0 2
"ja" "ja" 10.56807 38 3 0 3
"ja" "ja" 10.255037 57 3 0 0
"ja" "ja" 10.577855 34 8 0 2
"ja" "ja" 10.562634 42 5 0 3
"ja" "ja" 10.89776 32 11 0 0
"ja" "ja" 10.181681 48 5 0 2
"ja" "ja" 10.391575 22 9 2 0
"nej" "ja" 10.551271 31 8 0 2
"ja" "ja" 10.573802 26 4 0 0
"ja" "ja" 10.688289 43 11 0 1
"ja" "ja" 10.486849 44 4 0 2
"ja" "ja" 10.108172 45 4 0 1
"ja" "ja" 10.638368 29 5 1 1
"ja" "ja" 10.368427 46 4 0 0
"ja" "ja" 10.678598 31 5 1 1
"ja" "ja" 10.599005 21 11 0 0
"ja" "ja" 11.165198 41 12 0 1
"nej" "ja" 10.614234 28 8 1 2
"nej" "ja" 10.705376 39 2 1 0
"ja" "ja" 10.433034 45 3 0 1
"nej" "ja" 10.321651 49 4 0 1
"ja" "ja" 10.574284 42 10 0 2
"nej" "ja" 9.737393 59 4 0 0
"ja" "ja" 10.599734 54 5 0 0
"ja" "ja" 10.277369 33 7 0 3
"nej" "ja" 10.472802 24 9 1 1
"ja" "ja" 10.349497 35 5 0 0
"ja" "ja" 10.559267 49 8 0 0
"nej" "ja" 10.587798 48 5 1 2
"ja" "ja" 10.363468 41 5 0 0
"ja" "ja" 10.422002 37 5 0 2
"ja" "ja" 10.472802 38 9 0 4
"ja" "ja" 10.56164 42 7 0 1
"nej" "ja" 11.587482 46 11 0 1
"ja" "ja" 10.460904 33 5 0 2
"nej" "ja" 11.600476 55 15 0 0
"ja" "ja" 10.464381 50 5 0 2
"ja" "ja" 10.379642 22 6 1 0
"nej" "ja" 10.501483 40 5 0 2
"nej" "ja" 10.506813 47 5 0 1
"ja" "ja" 10.628378 50 10 0 0
"ja" "ja" 10.610259 28 8 0 2
"nej" "ja" 10.612646 39 5 0 3
"ja" "ja" 10.696993 36 12 0 2
"ja" "ja" 10.710382 39 4 0 2
"ja" "ja" 10.437066 48 4 0 0
"nej" "ja" 10.568229 29 5 2 0
"ja" "ja" 10.558129 46 5 0 0
"ja" "ja" 10.378959 58 5 0 0
"nej" "ja" 10.476105 25 5 1 0
"nej" "ja" 10.603369 29 5 1 2
"ja" "ja" 10.49096 21 11 0 0
"ja" "ja" 10.600079 31 5 0 1
"ja" "ja" 10.536475 35 4 0 2
"ja" "ja" 10.831383 30 5 0 2
"ja" "ja" 10.461597 31 8 1 0
"ja" "ja" 10.49143 34 12 1 1
"ja" "ja" 10.444563 28 11 3 0
"ja" "ja" 10.530988 41 2 0 2
"nej" "ja" 11.254684 59 8 0 0
"ja" "ja" 10.644262 27 9 1 2
"nej" "ja" 11.134107 54 16 0 0
"nej" "ja" 11.163557 40 11 1 1
"ja" "ja" 10.748157 35 7 0 1
"ja" "ja" 10.424117 39 5 0 3
"nej" "ja" 10.358268 43 5 0 2
"ja" "ja" 10.546735 36 8 0 2
"ja" "ja" 10.167575 46 4 0 0
"ja" "ja" 10.232409 44 4 0 0
"ja" "ja" 10.415019 44 6 0 0
"ja" "ja" 9.439709 29 1 2 0
"ja" "ja" 10.526048 32 10 1 2
"ja" "ja" 10.169228 55 5 0 0
"ja" "ja" 10.403554 34 5 0 2
"ja" "ja" 10.375732 37 8 1 1
"ja" "ja" 10.51803 26 5 0 1
"nej" "ja" 11.197707 38 12 0 1
"nej" "ja" 10.387608 45 8 0 1
"nej" "ja" 10.592153 34 8 0 2
"ja" "ja" 10.554045 36 6 0 2
"ja" "ja" 10.591844 26 10 0 2
"ja" "ja" 10.406093 40 5 1 1
"nej" "ja" 10.680139 40 9 0 1
"nej" "ja" 9.281793 57 5 0 0
"nej" "ja" 10.529899 25 8 2 0
"ja" "ja" 10.524458 30 8 0 1
"ja" "ja" 10.645608 25 7 1 1
"ja" "ja" 10.610342 43 2 0 2
"nej" "ja" 11.292684 46 10 0 1
"nej" "ja" 10.5143 26 7 1 1
"ja" "ja" 10.364109 23 4 1 0
"ja" "ja" 10.678174 32 8 0 2
"ja" "ja" 10.676672 34 13 0 2
"ja" "ja" 10.451906 33 3 1 1
"ja" "ja" 10.493905 25 6 0 1
"ja" "ja" 10.933745 39 11 0 2
"ja" "ja" 10.220448 32 9 1 0
"ja" "ja" 10.279145 47 5 0 0
"ja" "ja" 10.376983 46 9 0 1
"ja" "ja" 10.548088 41 8 0 2
"ja" "ja" 10.457786 25 5 2 1
"ja" "ja" 10.507745 39 10 0 1
"ja" "ja" 10.474064 51 3 0 0
"ja" "ja" 10.325908 51 10 0 0
"ja" "ja" 10.399045 49 16 0 0
"ja" "ja" 10.339881 35 8 1 2
"nej" "ja" 10.522865 27 7 1 1
"nej" "ja" 10.114141 47 4 0 1
"nej" "ja" 10.522161 30 8 3 0
"nej" "ja" 10.414384 32 5 2 1
"ja" "ja" 10.491921 34 8 0 3
"ja" "ja" 10.202841 41 4 0 0
"ja" "ja" 10.465267 26 6 1 2
"nej" "ja" 10.60335 33 8 2 0
"ja" "ja" 9.546312 49 6 0 3
"nej" "ja" 10.420614 41 6 0 3
"ja" "ja" 11.002878 37 9 0 2
"ja" "ja" 10.446016 40 3 0 2
"ja" "ja" 10.31609 50 6 0 1
"ja" "ja" 10.400943 29 8 0 2
"nej" "ja" 9.701465 26 4 1 1
"ja" "ja" 10.481405 31 8 0 1
"ja" "ja" 10.109776 32 5 0 1
"ja" "ja" 10.656443 44 5 0 1
"nej" "ja" 10.527389 23 8 1 0
"nej" "ja" 10.2496 24 8 1 0
"nej" "ja" 10.742908 27 8 1 1
"ja" "ja" 10.440141 28 8 0 1
"nej" "ja" 10.421623 52 4 0 1
"nej" "ja" 10.57064 47 12 0 2
"nej" "ja" 10.695252 42 8 0 2
"ja" "ja" 10.364536 42 5 0 1
"ja" "ja" 10.327931 47 4 0 0
"ja" "ja" 10.177955 36 5 0 1
"ja" "ja" 10.226662 41 8 0 0
"nej" "ja" 10.417757 38 3 1 1
"nej" "ja" 11.466458 36 13 0 2
"ja" "ja" 10.362868 25 8 1 0
"nej" "ja" 10.412528 47 5 0 1
"ja" "ja" 10.417331 44 7 0 1
"nej" "ja" 10.483624 44 2 0 1
"ja" "ja" 10.451833 47 8 0 0
"ja" "ja" 10.187326 20 5 1 0
"nej" "ja" 10.541466 41 8 0 1
"nej" "ja" 10.74696 50 7 0 1
"ja" "ja" 10.442706 36 4 1 1
"ja" "ja" 10.307899 20 8 0 0
"nej" "ja" 10.50997 28 6 2 0
"ja" "ja" 10.302572 44 7 0 0
"ja" "ja" 10.50766 35 9 0 2
"ja" "ja" 10.662906 46 15 0 1
"ja" "ja" 10.656736 26 9 1 0
"ja" "ja" 10.554351 31 8 0 2
"nej" "ja" 10.500807 49 5 0 1
"nej" "ja" 10.31735 55 5 0 0
"ja" "ja" 10.728559 40 4 0 1
"nej" "ja" 10.010429 57 6 0 1
"ja" "ja" 10.474912 51 5 0 2
"ja" "ja" 11.356841 56 3 0 0
"ja" "ja" 10.483732 33 2 1 3
"ja" "ja" 10.752502 41 5 0 2
"nej" "ja" 10.559347 32 12 1 0
"nej" "ja" 10.215829 25 11 1 0
"ja" "ja" 11.574043 47 13 0 0
"ja" "ja" 10.806046 31 16 2 0
"nej" "ja" 10.945839 33 14 0 2
"ja" "ja" 10.379906 28 5 0 2
"ja" "ja" 10.775556 38 11 0 0
"ja" "ja" 10.528899 34 9 1 1
"ja" "ja" 10.468534 33 6 0 2
"nej" "ja" 11.110955 35 10 1 1
"nej" "ja" 10.471365 51 9 0 1
"nej" "ja" 10.147503 41 5 1 0
"ja" "ja" 10.69323 35 9 0 2
"ja" "ja" 10.027595 42 14 0 0
"nej" "ja" 10.597393 24 4 2 1
"ja" "ja" 10.377773 48 8 0 0
"nej" "ja" 10.13374 24 6 2 0
"ja" "ja" 10.932351 41 10 0 1
"nej" "ja" 11.220691 51 10 0 0
